#distance (miles)  elevation(ft)
0.000000 9991.298900
0.081552 10009.724789
0.133175 10052.122597
0.181696 10070.184038
0.212101 10079.616452
0.238742 10098.343513
0.254445 10105.315298
0.258829 10104.370133
0.315046 10130.538355
0.336347 10144.051794
0.368374 10151.919084
0.394354 10167.158647
0.415294 10172.936164
0.426321 10176.187365
0.459717 10190.731676
0.472970 10193.290826
0.542198 10216.781351
0.565013 10225.302243
0.584173 10239.557397
0.678737 10291.056810
0.691819 10298.304136
0.722335 10303.349550
0.762008 10324.130337
0.776107 10321.378149
0.785757 10324.701440
0.825810 10333.064537
0.829191 10334.688136
0.863064 10346.098989
0.880755 10353.966276
0.922837 10368.933507
0.939551 10374.835974
0.975864 10386.282870
0.992108 10397.821879
1.010906 10402.808018
1.058718 10417.313077
1.107296 10432.325964
1.131775 10435.154248
1.148899 10448.086971
1.157441 10453.270954
1.182375 10463.510764
1.191689 10466.466404
1.217737 10472.102946
1.227750 10485.977631
1.244673 10490.180403
1.267663 10498.927175
1.286144 10503.671417
1.311699 10525.790652
1.334442 10532.418015
1.363515 10538.120236
1.416909 10565.659747
1.451750 10579.071463
1.475282 10586.528645
1.490232 10596.669931
1.514171 10605.846830
1.530662 10614.708143
1.568754 10637.995220
1.652660 10663.900718
1.734953 10692.572021
1.751930 10699.474921
1.792422 10725.154544
1.807134 10725.879436
1.816830 10728.556332
1.852691 10746.079508
1.903915 10778.235105
1.930900 10789.281506
1.947456 10808.678189
1.959208 10811.824465
2.021493 10821.840797
2.031721 10818.779429
2.084520 10818.431801
2.144331 10818.375732
2.198047 10806.991312
2.241388 10810.265745
2.285664 10810.489219
2.306846 10811.918980
2.343094 10825.862549
2.380854 10835.216470
2.420596 10840.649557
2.501494 10847.982589
2.536297 10860.380253
2.709710 10872.204413
2.743436 10877.736027
2.747001 10878.136519
2.768595 10888.989882
2.779815 10894.861913
2.870510 10929.068035
2.945234 10961.325355
2.958713 10963.979823
3.001610 10981.157776
3.007913 10989.990250
3.042997 11013.897290
3.055427 11014.064695
3.118217 11046.722510
3.139313 11048.917212
3.189353 11060.750985
3.233060 11079.645450
3.265347 11082.398439
3.338910 11109.241894
3.348306 11114.596487
3.372619 11119.078006
3.396185 11124.343688
3.431074 11135.967602
3.456238 11137.375735
3.475126 11141.519239
3.497188 11154.846047
3.516605 11161.821037
3.538277 11171.069226
3.587902 11175.022894
3.634895 11188.412179
3.691804 11191.837199
3.698790 11189.836333
3.803660 11192.385073
3.887977 11205.397094
3.939557 11230.213252
4.030587 11262.595526
4.141807 11305.167146
4.204925 11332.008200
4.219635 11326.066484
4.322889 11362.605073
4.455241 11426.060011
4.508016 11443.389348
4.540781 11466.919122
4.578361 11468.529906
4.621107 11494.662084
4.690387 11519.327655
4.768546 11546.384174
4.872214 11597.696957
4.935935 11627.828459
4.998073 11643.303515
5.017240 11651.085900
5.069239 11670.593919
5.091163 11680.619867
5.109628 11682.854617
5.147816 11700.311314
5.185687 11727.677009
5.281421 11773.123371
5.342746 11812.565540
5.477123 11841.856806
5.512002 11844.524093
5.570453 11813.441819
5.593962 11803.018584
5.637569 11788.428617
5.717310 11763.710982
5.749633 11759.871855
5.819982 11750.193535
5.842259 11739.324152
5.925856 11728.651809
5.981810 11721.643981
6.009755 11719.019148
6.092926 11741.784782
6.183821 11729.238932
6.363137 11696.676438
6.426994 11692.299847
6.505515 11665.928174
6.632205 11664.232488
6.690079 11680.843341
6.744937 11684.399719
6.778177 11681.029972
6.835358 11663.382639
6.908955 11658.920346
6.949292 11666.250172
6.988608 11664.576911
6.993574 11667.496507
7.074504 11662.916468
7.134568 11643.484539
7.214962 11658.205064
7.304698 11654.901799
7.355628 11631.191002
7.394592 11614.403128
7.421792 11605.938305
7.528899 11568.497002
7.562266 11566.771678
7.606257 11557.899952
7.743317 11517.116133
7.752675 11514.245398
7.769942 11512.988653
7.788828 11496.026966
7.841853 11463.894597
7.854344 11461.761573
7.876704 11449.790031
7.902142 11436.722740
7.936737 11422.916940
7.960276 11414.898265
7.977359 11405.547553
7.988150 11404.140221
8.021371 11391.880322
8.046153 11374.051969
8.083674 11355.292071
8.101154 11356.712219
8.149905 11315.948423
8.236850 11311.030368
8.245871 11288.241507
8.311763 11263.881110
8.356528 11241.785102
8.393280 11226.981274
8.415965 11217.332593
8.420345 11215.981329
8.477808 11184.888642
8.507339 11162.680496
8.514915 11157.571805
8.531294 11148.024850
8.539684 11139.262058
8.549087 11133.808944
8.569642 11126.397418
8.583143 11111.755388
8.623521 11095.364003
8.672360 11063.934101
8.746490 11044.478147
8.762325 11038.700630
8.944091 10952.352707
8.989972 10939.002668
9.067783 10916.148124
9.083577 10915.941470
9.138633 10879.973980
9.144829 10868.897943
9.162819 10852.821345
9.170722 10836.712710
9.183116 10829.019239
9.198570 10821.443511
9.219177 10815.279117
9.243338 10797.309793
9.255523 10783.100295
9.309498 10757.388635
9.339302 10753.556716
9.359447 10741.571558
9.376267 10736.913022
9.385950 10727.870686
9.404157 10714.340426
9.424171 10695.567710
9.436122 10690.698514
9.453789 10678.792654
9.479001 10671.374721
9.496293 10669.058268
9.525175 10646.328681
9.562444 10632.463605
9.613688 10617.316155
9.670477 10556.545324
9.701338 10544.819685
9.719536 10535.617155
9.752765 10515.856020
9.809512 10479.691489
9.837112 10469.809721
9.845853 10451.161158
9.868465 10436.636873
9.894528 10414.222073
9.920907 10392.509737
9.945968 10374.271279
9.983544 10361.876817
9.995335 10355.046007
10.011500 10338.145997
10.039381 10330.885856
10.060691 10332.657637
10.074134 10327.414379
10.087936 10334.606436
10.133330 10336.082654
10.149121 10345.521476
10.161418 10345.901945
10.184633 10344.425728
10.230135 10329.691584
10.264912 10343.398864
10.310272 10328.179323
10.367110 10309.576417
10.438914 10309.583625
10.477621 10289.809674
10.522631 10305.686026
10.544662 10309.616466
10.561130 10321.998113
10.606556 10335.239215
10.628527 10338.480806
10.725119 10340.436016
10.741405 10339.465219
10.789411 10328.445249
10.851102 10312.411105
10.914123 10293.917135
10.925363 10280.790570
10.940740 10274.449163
10.954736 10267.486987
10.968852 10258.093821
10.993355 10244.107801
11.051665 10196.961748
11.130486 10163.989146
11.192565 10167.657663
11.228232 10173.070727
11.240184 10161.886557
11.269464 10151.272686
11.287341 10141.774592
11.390342 10100.724845
11.448975 10088.415288
11.475133 10078.317253
11.532492 10057.641393
11.577498 10047.385563
11.590511 10044.291354
11.691677 10042.759067
11.707896 10052.854697
11.782794 10044.360238
11.856604 10024.382840
11.900876 10030.984569
11.974405 10022.729605
12.040949 10043.874841
12.060032 10048.608670
12.102270 10061.312312
12.135973 10076.266728
12.144877 10076.194638
12.161418 10062.516196
12.185938 10041.148283
12.236265 10027.670888
12.255669 10025.714881
12.297980 10038.185435
12.327585 10040.462640
12.341637 10040.118214
12.369877 10043.455124
12.384398 10048.625491
12.396154 10054.222784
12.428143 10065.836285
12.436107 10066.899992
12.453297 10073.894205
12.478439 10074.491741
12.529787 10088.408877
12.539852 10090.452994
12.550550 10093.120281
