#distance (miles)  elevation(ft)
0.000000 6719.901829
0.000821 6718.325487
0.039180 6718.325487
0.100534 6724.633255
0.156240 6727.786738
0.192046 6729.363880
0.220949 6740.402272
0.243083 6740.402272
0.289807 6748.287181
0.327533 6751.441465
0.347949 6753.017806
0.373169 6753.017806
0.381442 6753.017806
0.429630 6749.864323
0.474567 6757.748431
0.504782 6754.594948
0.565802 6760.903516
0.598086 6762.480658
0.619445 6764.057800
0.628552 6768.788426
0.628666 6767.211284
0.663847 6770.364767
0.719815 6771.941909
0.722307 6771.941909
0.734110 6776.673335
0.734221 6776.673335
0.739573 6778.249676
0.779877 6779.826818
0.832496 6790.865210
0.888635 6789.288869
0.921512 6792.442352
0.960028 6800.327261
0.969846 6800.327261
1.016677 6809.788512
1.068003 6814.520739
1.090626 6814.520739
1.115465 6817.674222
1.124493 6819.251364
1.160809 6825.559131
1.174936 6827.136273
1.213998 6838.174665
1.252342 6839.751807
1.304208 6847.635915
1.332360 6852.367341
1.341080 6852.367341
1.350127 6850.790199
1.370800 6850.790199
1.401861 6861.828592
1.430827 6864.983677
1.471040 6866.560018
1.494039 6868.137160
1.506942 6868.137160
1.516629 6868.137160
1.555701 6877.599211
1.571205 6882.329836
1.587657 6879.175552
1.611841 6890.214745
1.627772 6896.521711
1.659007 6901.253138
1.683128 6898.098853
1.696582 6899.675996
1.729912 6901.253138
1.745985 6904.406621
1.783155 6902.830280
1.794189 6905.983763
1.863385 6909.137246
1.880034 6909.137246
1.921652 6918.600098
1.959382 6929.638490
1.992378 6917.022956
1.994934 6917.022956
2.000571 6948.561792
2.003648 6929.638490
2.006414 6931.215632
2.056859 6934.369115
2.058928 6934.369115
2.097576 6937.523399
2.110266 6932.792774
2.113731 6932.792774
2.130421 6931.215632
2.171049 6935.946257
2.188943 6934.369115
2.228381 6940.677683
2.238931 6945.408309
2.246904 6946.984650
2.291759 6954.869559
2.320085 6954.869559
2.331745 6954.869559
2.350696 6962.754468
2.357246 6967.485093
2.357897 6965.908752
2.400576 6969.063036
2.427911 6962.754468
2.444215 6962.754468
2.453831 6961.177326
2.463507 6961.177326
2.475853 6962.754468
2.512952 6972.216519
2.519045 6972.216519
2.551141 6973.793661
2.644151 6983.255712
2.689424 6987.986337
2.698223 6991.140622
2.730607 6997.447588
2.778781 7002.179014
2.788244 7006.909639
2.814002 7017.948031
2.853576 7025.833741
2.872694 7028.988025
2.873787 7028.988025
2.877258 7035.294992
2.881451 7035.294992
2.884768 7036.872134
2.902192 7038.449276
2.913732 7046.334185
2.915492 7047.910526
2.952534 7046.334185
2.963437 7047.910526
2.976062 7051.064810
2.998052 7054.219094
3.011369 7058.949719
3.013219 7060.526060
3.033486 7062.103202
3.048732 7063.680344
3.062427 7065.257486
3.071463 7063.680344
3.082937 7063.680344
3.093251 7057.372577
3.095648 7057.372577
3.107104 7057.372577
3.141044 7058.949719
3.152350 7060.526060
3.165997 7060.526060
3.178075 7054.219094
3.183598 7062.103202
3.220859 7068.410969
3.255750 7073.141594
3.266774 7084.181589
3.268049 7084.181589
3.269568 7084.181589
3.287980 7088.912214
3.293923 7093.642839
3.295963 7096.797123
3.295995 7098.373464
3.311887 7103.104890
3.321912 7104.682032
3.344428 7112.566140
3.357379 7118.873907
3.375923 7129.913902
3.380053 7131.490243
3.418164 7134.644527
3.429133 7134.644527
3.459138 7144.105777
3.468533 7148.836402
3.497588 7155.144970
3.508707 7156.721311
3.523547 7164.606220
3.535015 7166.183362
3.544641 7166.183362
3.547653 7170.913988
3.576033 7180.376840
3.595183 7186.683806
3.604457 7194.568715
3.607565 7196.145857
3.613707 7197.722999
3.631212 7205.607908
3.643121 7210.338533
3.646309 7211.914874
3.648879 7215.069159
3.658053 7221.376926
3.670761 7224.530409
3.688052 7226.107551
3.700598 7230.838977
3.706946 7230.838977
3.728404 7241.878170
3.765076 7252.916562
3.773312 7254.493704
3.796251 7260.801472
3.811745 7260.801472
3.825785 7263.954955
3.840675 7273.417006
3.876511 7284.456199
3.897627 7293.918250
3.899168 7293.918250
3.916798 7301.802358
3.924787 7306.533785
3.932518 7309.687268
3.937582 7314.417893
3.975055 7322.302802
3.985321 7323.879944
4.006480 7327.033427
4.020513 7334.918336
4.025808 7334.918336
4.055440 7336.496279
4.057201 7338.072620
4.080044 7341.226904
4.088978 7339.649762
4.109616 7349.111813
4.121777 7350.688155
4.133467 7355.419581
4.139112 7358.573064
4.144379 7363.303689
4.166328 7371.188598
4.197578 7379.073507
4.220010 7390.112700
4.233180 7394.844126
4.240614 7397.997610
4.251951 7399.574752
4.258601 7399.574752
4.268090 7402.728235
4.289863 7410.613144
4.307635 7418.498053
4.321344 7423.228678
4.344495 7432.690729
4.374969 7437.421354
4.407740 7442.152781
4.433379 7453.191173
4.454304 7464.229565
4.460262 7464.229565
4.467985 7468.960991
4.483940 7470.538133
4.493113 7475.268758
4.506369 7476.845099
4.526884 7487.884293
4.559914 7495.770003
4.590145 7508.385537
4.618174 7508.385537
4.628466 7511.539020
4.658501 7522.577412
4.671678 7525.731696
4.689161 7525.731696
4.705567 7527.308037
4.732916 7532.039464
4.746202 7533.616606
4.746390 7533.616606
4.751269 7530.462322
4.783753 7538.347231
4.806765 7549.386424
4.823626 7552.539907
4.866382 7558.848475
4.875298 7558.848475
4.894311 7566.732583
4.901533 7568.309725
4.912612 7566.732583
4.933549 7568.309725
4.950365 7568.309725
4.956366 7566.732583
4.969622 7568.309725
4.982139 7568.309725
4.997147 7573.040350
5.025157 7582.502402
5.048725 7587.233027
5.055825 7585.655885
5.063985 7576.194635
5.067837 7576.194635
5.087410 7579.348118
5.097052 7580.925260
5.107872 7577.770976
5.116220 7576.194635
5.124679 7571.464009
5.131839 7566.732583
5.142218 7560.424816
5.146058 7560.424816
5.152641 7562.001958
5.163021 7563.579100
5.169582 7558.848475
5.176699 7558.848475
5.181224 7560.424816
5.190298 7555.694191
5.204426 7557.271333
5.210903 7560.424816
5.225846 7566.732583
5.261620 7573.040350
5.266451 7573.040350
5.273060 7574.617492
5.285566 7580.925260
5.314575 7587.233027
5.316747 7587.233027
5.336667 7596.695078
5.346116 7603.002845
5.349558 7603.002845
5.354774 7604.579987
5.365229 7604.579987
5.384718 7609.311413
5.392106 7610.887754
5.402771 7614.042038
5.422729 7615.618379
5.434442 7618.772663
5.454779 7620.349806
5.466218 7621.926948
5.471885 7625.080431
5.478126 7625.080431
5.493218 7629.811056
5.498220 7634.542482
5.509048 7636.118823
5.525822 7632.965340
5.534780 7636.118823
5.546620 7634.542482
5.563689 7637.695965
5.599889 7642.426590
5.625776 7645.580874
5.640331 7653.465783
5.652145 7655.042925
5.682783 7666.081318
5.688082 7667.658460
5.694388 7664.504976
5.700712 7659.774351
5.708613 7661.350692
5.722519 7661.350692
5.729264 7661.350692
5.735837 7659.774351
5.745401 7666.081318
5.764089 7669.235602
5.775558 7675.543369
5.783107 7680.273994
5.797031 7685.005420
5.815090 7692.889528
5.824900 7696.043812
5.831585 7696.043812
5.845720 7699.197295
5.863035 7705.505863
5.882798 7705.505863
5.896348 7703.928721
5.904708 7703.928721
5.920054 7692.889528
5.926329 7694.466670
5.938375 7689.736045
5.948120 7692.889528
5.953167 7691.312386
5.980441 7692.889528
6.000812 7692.889528
6.016348 7694.466670
6.032269 7692.889528
6.041337 7694.466670
6.080178 7697.620954
6.083887 7699.197295
6.099212 7700.774437
6.103381 7703.928721
6.104406 7700.774437
6.108563 7703.928721
6.116574 7700.774437
6.119552 7705.505863
6.129541 7705.505863
6.136424 7707.083005
