#distance (miles)  elevation(ft)
0.000000 9985.798528
0.000586 10097.763598
0.001833 10105.646905
0.003281 10111.955473
0.003538 10119.840382
0.004081 10115.109757
0.006071 10118.262439
0.011918 10118.262439
0.020657 10118.262439
0.030419 10118.262439
0.030804 10130.877973
0.032973 10130.877973
0.056272 10135.608598
0.078147 10146.649394
0.081454 10146.649394
0.099258 10156.110644
0.111979 10163.995553
0.123489 10176.611087
0.137950 10184.495996
0.152413 10192.380906
0.159898 10198.689474
0.163191 10201.842156
0.169305 10206.572781
0.178566 10203.420099
0.186784 10197.111531
0.190332 10187.650281
0.192309 10198.689474
0.197441 10204.996440
0.205175 10206.572781
0.208745 10201.842156
0.221880 10198.689474
0.240458 10201.842156
0.286572 10209.727065
0.303166 10214.457690
0.319919 10208.150724
0.336127 10209.727065
0.349805 10214.457690
0.367330 10223.920542
0.370684 10223.920542
0.377951 10228.651167
0.384377 10228.651167
0.398529 10230.227508
0.408756 10234.958134
0.424666 10239.688759
0.428975 10241.266702
0.460310 10250.729554
0.471028 10255.460179
0.501410 10264.921429
0.516879 10268.075713
0.527217 10274.384281
0.546283 10279.114907
0.564787 10283.845532
0.579508 10283.845532
0.591945 10283.845532
0.607306 10286.998214
0.617105 10286.998214
0.632832 10290.152498
0.645124 10294.883123
0.674014 10299.615350
0.720925 10310.652941
0.728599 10309.076600
0.747706 10320.114191
0.788839 10334.307669
0.801879 10335.884010
0.809144 10337.460351
0.826921 10340.614635
0.846667 10351.653828
0.884523 10367.425248
0.894745 10367.425248
0.912610 10372.155874
0.917674 10376.886499
0.934350 10380.040783
0.973280 10387.924090
0.980572 10387.924090
1.001235 10397.386942
1.019171 10400.541226
1.039396 10410.002476
1.046684 10410.002476
1.052779 10410.002476
1.085047 10422.618011
1.091145 10422.618011
1.104519 10427.348636
1.141852 10427.348636
1.164624 10428.924977
1.180527 10430.502920
1.207980 10430.502920
1.226059 10432.079261
1.238537 10432.079261
1.255175 10430.502920
1.335006 10424.194352
1.369365 10425.772295
1.406161 10428.924977
1.415253 10428.924977
1.423957 10424.194352
1.432657 10425.772295
1.482828 10424.194352
1.519105 10422.618011
1.542950 10422.618011
1.548089 10419.463727
1.579630 10416.309443
1.587235 10413.155159
1.606387 10406.848192
1.617495 10406.848192
1.631589 10402.117567
1.652773 10400.541226
1.659721 10398.963283
1.670401 10402.117567
1.692502 10403.693908
1.703645 10402.117567
1.725512 10397.386942
1.762913 10391.078374
1.768838 10389.502033
1.786111 10386.347749
1.798851 10386.347749
1.819481 10391.078374
1.841508 10397.386942
1.862702 10397.386942
1.882503 10400.541226
1.896066 10405.271851
1.907510 10400.541226
1.919947 10406.848192
1.937457 10403.693908
1.959962 10416.309443
1.963986 10416.309443
1.976618 10414.733102
2.023072 10432.079261
2.039736 10436.809886
2.052055 10439.964170
2.057290 10446.271136
2.069090 10455.733988
2.090487 10465.196841
2.101354 10465.196841
2.128947 10480.966659
2.142562 10487.273625
2.147245 10487.273625
2.167893 10495.158534
2.181667 10506.197728
2.187755 10510.928353
2.194356 10512.504694
2.199667 10509.350410
2.205939 10510.928353
2.233214 10514.081035
2.245303 10514.081035
2.257223 10509.350410
2.269459 10499.889159
2.283549 10501.467102
2.315202 10507.774069
2.334129 10515.658978
2.349349 10517.235319
2.356317 10517.235319
2.374431 10520.389603
2.392112 10521.965944
2.406181 10525.120228
2.413364 10526.698171
2.431823 10529.850853
2.445414 10529.850853
2.462606 10529.850853
2.475246 10533.005137
2.488354 10537.735762
2.494612 10539.312103
2.503768 10544.044330
2.551331 10536.159421
2.558255 10539.312103
2.582459 10534.581478
2.596708 10534.581478
2.609103 10536.159421
2.635644 10536.159421
2.644844 10536.159421
2.654469 10529.850853
2.664764 10525.120228
2.678073 10517.235319
2.696353 10509.350410
2.701536 10507.774069
2.709438 10506.197728
2.741370 10492.004250
2.747148 10488.849966
2.762612 10485.697284
2.809750 10477.812375
2.832401 10469.927466
2.845222 10468.351125
2.859921 10465.196841
2.887611 10458.886671
2.909114 10454.156045
2.925301 10451.003363
2.935001 10446.271136
2.953977 10439.964170
2.972155 10439.964170
3.004996 10443.118454
3.015185 10447.849079
3.059260 10447.849079
3.073016 10452.579704
3.088500 10451.003363
3.102019 10452.579704
3.111599 10451.003363
3.129892 10452.579704
3.131075 10451.003363
3.153711 10449.425420
3.164458 10454.156045
3.175649 10452.579704
3.187432 10451.003363
3.204528 10447.849079
3.218863 10436.809886
3.239803 10430.502920
3.252878 10425.772295
3.261652 10427.348636
3.284863 10428.924977
3.320896 10433.655602
3.334647 10436.809886
3.348938 10436.809886
3.359511 10432.079261
3.376704 10428.924977
3.398807 10417.887386
3.432395 10421.040068
3.439211 10424.194352
3.463097 10436.809886
3.479271 10446.271136
3.488612 10451.003363
3.502755 10457.310330
3.535151 10455.733988
3.549227 10454.156045
3.560719 10451.003363
3.581415 10446.271136
3.606235 10425.772295
3.639013 10421.040068
3.644327 10419.463727
3.649597 10422.618011
3.660089 10421.040068
3.669173 10419.463727
3.678665 10421.040068
3.688513 10422.618011
3.695737 10421.040068
3.721022 10432.079261
3.724981 10430.502920
3.740271 10430.502920
3.749586 10430.502920
3.766249 10424.194352
3.781619 10421.040068
3.787039 10421.040068
3.804419 10419.463727
3.817287 10410.002476
3.831650 10403.693908
3.868669 10397.386942
3.877078 10400.541226
3.907171 10397.386942
3.919578 10395.808999
3.934950 10389.502033
3.950599 10395.808999
3.955264 10397.386942
3.974825 10408.424533
3.981935 10408.424533
3.989890 10413.155159
4.003095 10414.733102
4.017448 10422.618011
4.030053 10421.040068
4.051374 10422.618011
4.063539 10422.618011
4.078464 10417.887386
4.091577 10411.578817
4.118042 10402.117567
4.125128 10395.808999
4.135075 10391.078374
4.149567 10384.771408
4.165396 10376.886499
4.175993 10372.155874
4.181817 10370.577931
4.216016 10353.230169
4.229161 10350.077487
4.272326 10335.884010
4.307359 10323.268476
4.321200 10318.537850
4.339795 10316.961509
4.363029 10315.383566
4.393725 10310.652941
4.431635 10304.345975
4.438804 10302.768032
4.452333 10301.191691
4.463285 10301.191691
4.471497 10305.922316
4.479514 10313.807225
4.498409 10316.961509
4.510076 10316.961509
4.525020 10316.961509
4.564065 10327.999101
4.574259 10329.577044
4.591373 10326.422760
4.609970 10329.577044
4.615793 10332.729726
4.620338 10332.729726
4.646848 10337.460351
4.661584 10329.577044
4.691324 10326.422760
4.697229 10324.846419
4.732373 10315.383566
4.739054 10313.807225
4.761480 10309.076600
4.778126 10304.345975
4.791460 10302.768032
4.799535 10304.345975
4.801143 10302.768032
4.801715 10296.461066
4.807331 10307.498657
4.816260 10305.922316
4.820735 10305.922316
4.825566 10302.768032
4.839407 10299.615350
4.869219 10293.306782
4.879117 10290.152498
4.888347 10288.576157
4.903524 10290.152498
4.914925 10291.730441
4.960364 10290.152498
4.973567 10291.730441
4.985751 10286.998214
5.005074 10288.576157
5.029624 10283.845532
5.036745 10277.536964
5.053943 10275.960622
5.059551 10274.384281
5.076054 10274.384281
5.087455 10269.652054
5.091979 10269.652054
5.111111 10268.075713
5.119288 10268.075713
5.149602 10274.384281
5.157698 10271.229997
5.199061 10274.384281
5.203691 10269.652054
5.214700 10271.229997
5.231728 10266.499372
5.259093 10258.614463
5.271876 10253.883838
5.289766 10245.997327
5.298674 10241.266702
5.320397 10236.534475
5.344435 10228.651167
5.360473 10222.342599
5.385904 10212.881349
5.393088 10211.303406
5.405983 10201.842156
5.414488 10203.420099
5.464848 10195.535190
5.479886 10193.957247
5.490002 10190.804565
5.508259 10184.495996
5.511723 10189.226622
5.523159 10179.765371
5.559067 10170.304121
5.575435 10167.149837
5.578703 10167.149837
5.589480 10162.419212
5.613314 10156.110644
5.632919 10157.688587
5.647007 10149.803678
5.671487 10146.649394
5.685932 10137.186541
5.689861 10135.608598
5.707003 10140.340825
5.721926 10137.186541
5.742756 10138.762882
5.744206 10138.762882
5.750186 10135.608598
5.806665 10127.725291
5.820847 10126.147348
5.825055 10126.147348
5.836438 10126.147348
5.854126 10119.840382
5.878814 10115.109757
5.900589 10113.531814
5.915247 10107.224848
5.929221 10105.646905
5.955354 10097.763598
5.963095 10096.185654
5.974605 10091.455029
5.997768 10081.993779
6.017042 10072.532529
6.025078 10070.954586
6.043582 10066.223961
6.069419 10059.915393
6.081496 10053.608427
6.090844 10053.608427
6.101988 10048.877801
6.103540 10047.301460
6.111798 10050.454142
6.131205 10042.569233
6.145906 10036.260665
6.178344 10031.530040
6.193314 10023.645131
6.196542 10023.645131
6.207274 10023.645131
6.227426 10017.336563
6.236541 10011.029597
6.262754 10004.721028
6.290483 9992.105494
6.318403 9977.913619
6.328591 9977.913619
6.340280 9971.606653
6.352617 9968.452369
6.360676 9965.298085
6.376182 9963.721744
6.407015 9951.106209
6.426365 9947.951925
6.438924 9947.951925
6.439259 9952.682550
6.439293 9947.951925
6.476235 9936.912732
6.499574 9925.873539
6.517636 9921.142914
6.562484 9906.949436
6.573206 9905.373095
6.592027 9899.064527
6.605913 9891.179618
6.623642 9884.872652
6.636313 9878.564084
6.654310 9880.142027
6.672461 9876.987743
6.684585 9869.102833
6.686518 9869.102833
6.693111 9869.102833
6.704173 9869.102833
6.720218 9865.948549
6.749512 9856.487299
6.762594 9853.333015
6.775900 9850.180333
6.793789 9842.295424
6.804711 9840.717481
6.809870 9837.564799
6.830253 9831.256231
6.844905 9831.256231
6.861926 9821.793378
6.866903 9817.062753
6.888706 9807.599901
6.907272 9798.138651
6.944704 9785.523117
6.961365 9779.216150
6.967281 9774.485525
6.976925 9769.754900
6.983057 9769.754900
6.986265 9765.022673
7.002308 9755.561423
7.007899 9753.985082
7.026588 9744.523832
7.039779 9742.945889
7.049123 9739.791605
7.058589 9731.906695
7.076118 9724.021786
7.103221 9712.982593
7.116176 9703.521343
7.132048 9697.212775
7.159653 9686.175183
7.168946 9683.020899
7.217451 9660.944115
7.231497 9648.328581
7.269868 9635.713046
7.299146 9632.558762
7.308330 9629.404478
7.321200 9627.828137
7.340823 9629.404478
7.350179 9629.404478
7.363914 9632.558762
7.366065 9634.135103
7.368875 9635.713046
7.375775 9630.980819
7.377513 9629.404478
7.388094 9629.404478
7.439819 9626.250194
7.462470 9623.097512
7.488667 9613.633058
7.495323 9612.056717
7.507369 9612.056717
7.536134 9626.250194
7.558070 9635.713046
7.567416 9640.443671
7.573496 9640.443671
7.585715 9645.174296
7.605022 9654.635547
7.615326 9659.366172
7.635649 9673.559649
7.644883 9676.712331
7.654684 9684.597240
7.667899 9684.597240
7.680765 9694.060093
7.693918 9703.521343
7.728753 9719.291161
7.775853 9744.523832
7.781371 9741.369548
7.788823 9749.254457
7.849328 9774.485525
7.864019 9780.792491
7.906064 9798.138651
7.930039 9804.447219
7.936779 9799.716594
7.951153 9801.292935
7.967728 9807.599901
7.976790 9804.447219
7.979699 9806.023560
7.994524 9804.447219
7.995504 9793.408026
7.996138 9801.292935
7.996209 9793.408026
7.997421 9807.599901
