#distance (miles)  elevation(ft)
0.000000 7687.663893
0.000097 7687.663893
0.000812 7687.663893
0.001341 7687.663893
0.004267 7687.663893
0.010814 7690.288726
0.015788 7693.569565
0.024286 7698.162421
0.030786 7703.412085
0.035362 7707.348933
0.049861 7713.254605
0.062124 7717.191453
0.067498 7716.535445
0.075409 7716.535445
0.078060 7715.879437
0.080221 7715.879437
0.090666 7718.504269
0.093139 7720.472292
0.098639 7721.128300
0.108552 7721.785109
0.112500 7723.097125
0.121718 7732.939644
0.129924 7740.157332
0.148272 7751.968676
0.155402 7759.186363
0.167493 7762.467203
0.178449 7761.811196
0.181749 7762.467203
0.183691 7761.811196
0.185899 7761.155188
0.187419 7759.842371
0.188029 7760.498379
0.191119 7759.842371
0.191997 7759.842371
0.199910 7765.748043
0.203308 7762.467203
0.204690 7761.811196
0.204824 7761.811196
0.205459 7761.811196
0.213785 7768.372875
0.222641 7774.278547
0.230450 7777.559387
0.239688 7780.183418
0.251814 7778.215395
0.266416 7769.684891
0.283370 7764.436028
0.301012 7758.530356
0.314479 7753.936699
0.320911 7751.968676
0.331227 7748.031828
0.336905 7744.750988
0.351236 7740.157332
0.361912 7738.189309
0.368217 7736.220484
0.377371 7735.564476
0.382686 7737.532500
0.401303 7742.782164
0.411336 7746.063004
0.415798 7742.782164
0.427780 7727.033972
0.430306 7725.721957
0.440145 7724.409140
0.458755 7717.191453
0.470968 7709.973765
0.487234 7691.600741
0.493157 7691.600741
0.502480 7695.538390
0.506156 7698.162421
0.523841 7710.629773
0.537919 7698.162421
0.552208 7681.758221
0.556098 7680.446206
0.569038 7678.477382
0.576474 7680.446206
0.583035 7681.102214
0.589723 7679.790198
0.604267 7675.196542
0.618630 7669.947678
0.629094 7663.385999
0.639686 7660.105159
0.652538 7669.291671
0.654923 7671.259694
0.671872 7681.102214
0.683410 7675.853350
0.690860 7680.446206
0.696922 7688.976710
0.705920 7696.194398
0.723804 7706.036917
0.727341 7704.068093
0.736365 7696.850405
0.745451 7695.538390
0.751233 7690.944733
0.761498 7682.415030
0.768583 7675.853350
0.783135 7665.354022
0.797044 7654.199487
0.799925 7654.855494
0.805832 7657.480327
0.818764 7663.385999
0.828482 7660.105159
0.840568 7657.480327
0.848405 7656.824319
0.866839 7647.637807
0.872918 7647.637807
0.889054 7653.543479
0.905735 7657.480327
0.921910 7657.480327
0.924888 7656.824319
0.935736 7656.824319
0.944257 7658.792342
0.953102 7659.449151
0.967922 7664.698014
0.973766 7666.666839
0.980732 7671.915702
0.982688 7672.572511
0.983541 7672.572511
0.991286 7672.572511
0.998524 7674.540534
1.005735 7679.134190
1.020319 7694.881581
1.031054 7709.317757
1.037250 7713.254605
1.049367 7714.566620
1.058982 7715.879437
1.064465 7710.629773
1.070466 7699.475238
1.079280 7692.913558
1.089424 7688.976710
1.095698 7695.538390
1.097929 7699.475238
1.100803 7700.787253
1.104090 7704.068093
1.108455 7707.348933
1.114731 7711.942589
1.122611 7715.879437
1.123861 7716.535445
1.133769 7717.191453
1.139209 7719.816285
1.149154 7721.785109
1.162115 7723.753132
1.169210 7727.689980
1.178495 7725.065949
1.179972 7724.409140
1.193968 7717.847460
1.210126 7718.504269
1.216351 7718.504269
1.229445 7715.223429
1.230693 7714.566620
1.231903 7715.223429
1.233116 7715.879437
1.233767 7715.879437
1.234739 7715.223429
1.235928 7715.879437
1.236853 7716.535445
1.238030 7717.191453
1.239415 7717.191453
1.239927 7716.535445
1.242054 7715.879437
1.243955 7716.535445
1.245038 7716.535445
1.246153 7715.879437
1.246291 7715.879437
1.246947 7715.879437
1.248067 7715.223429
1.259612 7710.629773
1.271403 7711.942589
1.277256 7715.223429
1.284595 7719.160277
1.292925 7724.409140
1.303893 7730.314812
1.312695 7725.065949
1.319570 7723.097125
1.327393 7723.097125
1.333417 7719.160277
1.340039 7713.254605
1.351389 7717.191453
1.363810 7718.504269
1.371763 7717.847460
1.380902 7713.254605
1.388724 7714.566620
1.397629 7725.721957
1.407328 7737.532500
1.419322 7742.126156
1.431782 7746.719012
1.439455 7747.375019
1.448010 7745.406996
1.459372 7740.813340
1.466322 7741.470148
1.474185 7742.126156
1.486554 7748.031828
1.497252 7748.687836
1.511303 7744.750988
1.524812 7748.687836
1.536533 7753.936699
1.545574 7752.624684
1.558860 7744.094180
1.565640 7746.719012
1.569664 7745.406996
1.585436 7738.189309
1.594463 7734.908469
1.603317 7730.314812
1.614616 7723.097125
1.621519 7716.535445
1.628637 7714.566620
1.634040 7717.191453
1.639125 7721.128300
1.648132 7721.128300
1.659897 7717.191453
1.674844 7715.879437
1.679425 7712.598597
1.691400 7713.254605
1.694571 7714.566620
1.699380 7717.191453
1.708134 7713.254605
1.710169 7713.254605
1.722900 7714.566620
1.724894 7714.566620
1.729610 7711.942589
1.735570 7713.254605
1.742706 7715.223429
1.746566 7715.879437
1.755330 7717.191453
1.761220 7719.160277
1.772007 7721.785109
1.777988 7723.753132
1.785695 7727.689980
1.792447 7731.627629
1.798889 7735.564476
1.802391 7737.532500
1.808537 7741.470148
1.812457 7741.470148
1.820084 7740.813340
1.826890 7740.157332
1.833461 7740.813340
1.840490 7745.406996
1.849822 7750.655859
1.859710 7756.561531
1.868161 7759.186363
1.875172 7760.498379
1.881572 7761.155188
1.893953 7761.155188
1.903832 7760.498379
1.913823 7759.842371
1.921470 7763.123211
1.929440 7769.028883
1.934440 7770.997708
1.941892 7776.246571
1.949010 7782.808251
1.956649 7787.401907
1.961311 7788.713923
1.973994 7790.682747
1.986251 7792.650770
1.995194 7795.275602
2.007505 7795.275602
2.014183 7793.306778
2.023128 7792.650770
2.030527 7791.994763
2.038647 7793.306778
2.045904 7797.244427
2.052480 7800.525267
2.059382 7803.149298
2.065840 7803.806107
2.076431 7813.648626
2.084584 7822.178329
2.092214 7828.084001
2.098415 7832.676857
2.105519 7839.238537
2.113010 7840.551353
2.117840 7841.863369
2.126657 7842.519377
2.137455 7845.144209
2.145632 7847.113033
2.153337 7850.393873
2.156699 7851.049881
2.159155 7851.705888
2.162773 7854.330721
2.164318 7856.299545
2.173767 7861.548408
2.180464 7867.454080
2.186829 7872.703744
2.194791 7876.640592
2.195917 7877.296600
2.201522 7876.640592
2.203462 7877.296600
2.212630 7878.608615
2.218701 7878.608615
2.225570 7880.577440
2.233014 7881.889455
2.237683 7883.202272
2.246037 7894.356807
2.252320 7893.044792
2.258910 7893.044792
2.267390 7891.075967
2.277280 7891.075967
2.286825 7885.827104
2.292278 7885.827104
2.297721 7885.170295
2.305855 7886.483112
2.315462 7893.700799
2.321560 7900.918487
2.326831 7903.543319
2.334241 7904.855335
2.341101 7907.480167
2.348368 7908.136175
2.349678 7908.792983
2.352791 7910.104999
2.354805 7911.417014
2.355364 7912.073823
2.357343 7909.448991
2.361601 7908.792983
2.364745 7909.448991
2.370169 7913.385839
2.370465 7914.041847
2.372955 7915.354663
2.373877 7916.010671
2.380345 7922.572351
2.383621 7927.165206
2.393673 7935.039703
2.400861 7937.663734
2.409664 7936.351718
2.414917 7937.663734
2.423004 7943.569406
2.426765 7944.225413
2.435402 7947.506253
2.442997 7946.850246
2.451896 7948.819070
2.458406 7947.506253
2.461908 7945.538230
2.464965 7945.538230
2.467857 7946.194238
2.473478 7949.475078
2.476972 7954.067933
2.477838 7954.724742
2.479607 7958.005582
2.482029 7962.598437
2.484049 7965.879277
2.486193 7969.160117
2.490356 7976.377805
2.492425 7977.033812
2.498118 7979.658645
2.508037 7984.908309
2.513694 7986.220324
2.520664 7981.627469
2.528032 7973.752973
2.534993 7977.033812
2.541717 7973.096965
2.549238 7967.848102
2.553333 7968.504109
2.562317 7973.096965
2.571858 7984.252301
2.576786 7992.782004
2.581960 7991.469989
2.584621 7990.813981
2.591328 7990.157172
2.600536 7981.627469
2.601745 7980.971461
2.608909 7984.908309
2.616741 7990.157172
2.623870 7997.375661
2.632214 8003.280532
2.637544 8005.249356
2.642686 8007.218180
2.649210 8009.186204
2.658416 8017.060700
2.665589 8017.060700
2.670038 8015.747883
2.673099 8016.403891
2.682683 8029.527251
2.692102 8034.120907
2.700023 8033.464900
2.708047 8038.057755
2.713560 8039.369771
2.717910 8040.026579
2.724928 8036.745739
2.733245 8036.088931
2.742871 8023.622380
2.745001 8020.997548
2.753866 8011.155028
2.765150 8004.593348
2.774905 7999.343684
2.778865 8001.312508
2.789448 8001.312508
2.791071 8001.312508
2.792974 8001.312508
2.797615 8001.968516
2.799214 8002.624524
2.802394 8005.249356
2.809529 8011.155028
2.814862 8015.747883
2.824328 8017.060700
2.830785 8018.372716
2.839442 8022.965571
2.846604 8026.903220
2.851901 8032.808091
2.861185 8038.057755
2.865977 8038.057755
2.875922 8039.369771
2.883485 8040.682587
2.887576 8042.650610
2.895396 8045.275443
2.902225 8048.556282
2.909853 8051.181115
2.921332 8055.773970
2.929492 8055.773970
2.943102 8047.900275
2.949953 8043.963427
2.969770 8036.088931
2.984851 8026.246411
3.000667 8013.123051
3.008574 8007.874188
3.016569 8005.249356
3.031852 7998.687676
3.048817 7991.469989
3.061370 7985.564317
3.071119 7981.627469
3.083018 7975.721797
3.099475 7965.879277
3.107208 7962.598437
3.111728 7960.629613
3.128204 7954.067933
3.137624 7950.787093
3.162462 7931.758863
3.177786 7927.165206
3.187931 7925.853191
3.203810 7919.291511
3.211305 7916.666679
3.228890 7921.916343
3.238255 7923.228359
3.245643 7922.572351
3.255585 7916.666679
3.267087 7908.792983
3.277742 7899.606471
3.292621 7891.731975
3.302181 7882.546264
3.313809 7876.640592
3.323522 7872.703744
3.335676 7866.798072
3.349445 7861.548408
3.363732 7858.267568
3.378456 7847.769041
3.384547 7845.800216
3.393232 7839.895345
3.407016 7828.084001
3.428607 7805.774130
3.449672 7790.025938
3.460515 7788.713923
3.471523 7789.369930
3.476059 7788.713923
3.476820 7788.713923
3.483455 7787.401907
3.485255 7786.745098
3.502809 7775.590563
3.516785 7765.092036
3.528638 7761.811196
3.531506 7760.498379
3.544890 7754.593508
3.558252 7750.655859
3.564315 7748.687836
3.577854 7743.438172
3.592369 7739.501324
3.606405 7732.283637
3.617997 7731.627629
3.626820 7728.346789
3.638922 7723.753132
3.648438 7717.847460
3.661455 7709.317757
3.673868 7704.724101
3.688688 7698.162421
3.702167 7690.944733
3.706185 7689.632718
3.708509 7688.319901
3.712658 7687.663893
3.725576 7687.007886
3.732710 7687.007886
3.733185 7687.007886
3.736116 7683.727046
3.737285 7683.727046
3.745457 7683.727046
3.759908 7685.039061
3.773683 7683.071038
3.785109 7676.509358
3.793343 7666.666839
3.802513 7660.105159
3.811102 7661.417174
3.812404 7662.729991
3.812630 7662.073182
3.814268 7664.698014
3.815323 7665.354022
3.815900 7666.666839
3.816911 7691.312386
3.819723 7686.581761
3.835004 7678.696852
3.853908 7672.389886
3.861743 7667.658460
3.879173 7659.774351
3.902067 7650.311499
3.914056 7642.426590
3.916522 7640.849448
3.923581 7636.118823
3.935764 7631.388198
3.944097 7628.233914
3.949083 7625.080431
3.973540 7612.464896
3.982260 7606.157129
3.996683 7601.426504
4.001467 7599.849362
4.003908 7596.695078
4.008503 7595.117936
4.019567 7585.655885
4.022410 7580.925260
4.027012 7577.770976
4.040720 7574.617492
4.059866 7568.309725
4.065076 7566.732583
4.069317 7565.155441
4.075314 7557.271333
4.083987 7566.732583
4.089791 7563.579100
4.092245 7560.424816
4.102857 7549.386424
4.122455 7546.232941
4.150342 7535.192947
4.177111 7525.731696
4.188519 7517.846787
4.195307 7516.269645
4.224040 7509.961878
4.249364 7505.231253
4.264632 7498.923486
4.276877 7495.770003
4.305678 7484.730009
4.336519 7475.268758
4.351062 7472.114474
4.382695 7464.229565
4.408549 7453.191173
4.444878 7448.460548
4.479385 7438.997695
4.504518 7429.536445
4.537106 7423.228678
4.566648 7412.190286
4.570625 7413.766627
4.576402 7413.766627
4.577168 7410.613144
